10386 0.0131183924131687     
92162 0.013974088204232848   
16282 0.013406498401081324   
20583 0.012332912856581557   
58040 0.013904103724975525   
92585 0.012036680502573782   
87642 0.013879313043350772   
9222 0.013109347966970497    
65673 0.01338812949213486    
23144 0.0139774419263613     
89113 0.013651690418264861   
99932 0.013492823151121658   
65240 0.012739445045497177   
6152 0.012293257341708164    
79582 0.013178797783257035   
74526 0.012283146924965238   
19410 0.013311982269121114   
8941 0.013677101955219095    
94194 0.013651286708433186   
53316 0.012862600131667734   
27827 0.013448505149676881   
75612 0.01336356906665881    
2667 0.012866054406312277    
5738 0.013375437900293163    
55158 0.013842415121685825   
26507 0.013942204814738512   
40784 0.013880331171012616   
84063 0.013754567308752685   
22382 0.012886424594379164   
9586 0.01348983659917935     
67080 0.013812402630056453   
89743 0.013282057869544173   
38514 0.013263635391480677   
16898 0.013981726126605643   
97506 0.012026511299059961   
12156 0.012632529714893925   
17107 0.013105783470794385   
6430 0.01327744512165785     
98727 0.013231298626784738   
40133 0.013856603163245884   
29959 0.013584281512181828   
47539 0.013862514164536321   
44284 0.013264388081635659   
42458 0.013387687127069614   
51328 0.013046996265665523   
32609 0.013705309474835947   
22051 0.01391348743308407    
16022 0.012690522311928798   
40072 0.012615712159937398   
21200 0.013216983385362702   
64822 0.013827976045653445   
19100 0.013578694487514475   
70105 0.012768694435165706   
5237 0.012529796391719805    
42919 0.013392627620151365   
75521 0.013498661329121586   
98618 0.013524200366771266   
26297 0.0135456887432015     
97555 0.013799706801797429   
22382 0.013622900825592477   
5820 0.013641091389554605    
54718 0.013128694944684827   
30346 0.013404419722807814   
83283 0.012010991423737849   
99269 0.01268991094425087    
47454 0.013870158777952502   
68214 0.01309350938363707    
99228 0.013294288361557105   
54729 0.013905928521401267   
73318 0.012771792209505417   
97679 0.013413846508579241   
62163 0.013474337305466766   
23113 0.013925198142520245   
34093 0.013561839565314537   
30710 0.013248591372772012   
50694 0.013991737504563284   
67101 0.013884859476161138   
80841 0.01393582279549832    
32594 0.013504257839599743   
20984 0.012946214227745556   
14356 0.013115084358280349 